---
    robot_base_to_camera:
        x : 0.00697
        y : 0.03398
        z : 0.91837
        roll: 0.0
        pitch: 0.785
        yaw: 0.785
...
