---
    robot_base_to_camera:
        x : 0.01162
        y : 0.03845
        z : 0.91433
        roll: 0.0
        pitch: 0.698
        yaw: 0.349
...

